0.200000000000000 0 -0.105516477173277
0.277165354330709 0 -0.128955026242527
0.354330708661417 0 -0.149907969923801
0.431496062992126 0 -0.168517103273538
0.508661417322835 0 -0.184937916771121
0.585826771653543 0 -0.199332190297724
0.662992125984252 0 -0.211862522792465
0.740157480314961 0 -0.222688390966396
0.817322834645669 0 -0.231963402252368
0.894488188976378 0 -0.239833469619652
0.971653543307087 0 -0.246435689059502
1.04881889763780 0 -0.251897745029163
1.12598425196850 0 -0.256337705894555
1.20314960629921 0 -0.259864101401105
1.28031496062992 0 -0.262576198454254
1.35748031496063 0 -0.264564410929176
1.43464566929134 0 -0.265910794686902
1.51181102362205 0 -0.266689591174571
1.58897637795276 0 -0.266967792546827
1.66614173228346 0 -0.266805708679599
1.74330708661417 0 -0.266257522184022
1.82047244094488 0 -0.265371821917292
1.89763779527559 0 -0.264192108813316
1.97480314960630 0 -0.262757270348675
2.05196850393701 0 -0.261102021802556
2.12913385826772 0 -0.259257313809529
2.20629921259843 0 -0.257250706657400
2.28346456692913 0 -0.255106712440506
2.36062992125984 0 -0.252847106613484
2.43779527559055 0 -0.250491210757836
2.51496062992126 0 -0.248056148517001
2.59212598425197 0 -0.245557076708832
2.66929133858268 0 -0.243007393613002
2.74645669291339 0 -0.240418926374696
2.82362204724410 0 -0.237802099379828
2.90078740157480 0 -0.235166085352021
2.97795275590551 0 -0.232518940806003
3.05511811023622 0 -0.229867727371954
3.13228346456693 0 -0.227218620384896
3.20944881889764 0 -0.224577006015591
3.28661417322835 0 -0.221947568106545
3.36377952755906 0 -0.219334365769975
3.44094488188976 0 -0.216740902704684
3.51811023622047 0 -0.214170189096120
3.59527559055118 0 -0.211624796878486
3.67244094488189 0 -0.209106909059527
3.74960629921260 0 -0.206618363737285
3.82677165354331 0 -0.204160693373269
3.90393700787402 0 -0.201735159827835
3.98110236220473 0 -0.199342785610527
4.05826771653543 0 -0.196984381750420
4.13543307086614 0 -0.194660572648563
4.21259842519685 0 -0.192371818236030
4.28976377952756 0 -0.190118433726605
4.36692913385827 0 -0.187900607222099
4.44409448818898 0 -0.185718415400661
4.52125984251969 0 -0.183571837493679
4.59842519685039 0 -0.181460767734747
4.67559055118110 0 -0.179385026444447
4.75275590551181 0 -0.177344369897055
4.82992125984252 0 -0.175338499099586
4.90708661417323 0 -0.173367067599535
4.98425196850394 0 -0.171429688425210
5.06141732283465 0 -0.169525940251345
5.13858267716535 0 -0.167655372872805
5.21574803149606 0 -0.165817512060258
5.29291338582677 0 -0.164011863863846
5.37007874015748 0 -0.162237918423785
5.44724409448819 0 -0.160495153340584
5.52440944881890 0 -0.158783036651918
5.60157480314961 0 -0.157101029458222
5.67874015748032 0 -0.155448588234593
5.75590551181102 0 -0.153825166862607
5.83307086614173 0 -0.152230218412094
5.91023622047244 0 -0.150663196699755
5.98740157480315 0 -0.149123557648642
6.06456692913386 0 -0.147610760470031
6.14173228346457 0 -0.146124268686902
6.21889763779528 0 -0.144663551016261
6.29606299212599 0 -0.143228082125716
6.37322834645669 0 -0.141817343278081
6.45039370078740 0 -0.140430822876379
6.52755905511811 0 -0.139068016920280
6.60472440944882 0 -0.137728429383874
6.68188976377953 0 -0.136411572523631
6.75905511811024 0 -0.135116967124494
6.83622047244095 0 -0.133844142691184
6.91338582677165 0 -0.132592637591081
6.99055118110236 0 -0.131361999154372
7.06771653543307 0 -0.130151783736542
7.14488188976378 0 -0.128961556747780
7.22204724409449 0 -0.127790892653353
7.29921259842520 0 -0.126639374948608
7.37637795275591 0 -0.125506596111846
7.45354330708662 0 -0.124392157537988
7.53070866141732 0 -0.123295669455616
7.60787401574803 0 -0.122216750829729
7.68503937007874 0 -0.121155029252271
7.76220472440945 0 -0.120110140822281
7.83937007874016 0 -0.119081730017303
7.91653543307087 0 -0.118069449557531
7.99370078740158 0 -0.117072960263979
8.07086614173228 0 -0.116091930911839
8.14803149606299 0 -0.115126038080049
8.22519685039370 0 -0.114174965997978
8.30236220472441 0 -0.113238406390037
8.37952755905512 0 -0.112316058318915
8.45669291338583 0 -0.111407628028075
8.53385826771654 0 -0.110512828784053
8.61102362204724 0 -0.109631380719039
8.68818897637795 0 -0.108763010674169
8.76535433070866 0 -0.107907452043879
8.84251968503937 0 -0.107064444621657
8.91968503937008 0 -0.106233734447448
8.99685039370079 0 -0.105415073656960
9.07401574803150 0 -0.104608220333063
9.15118110236221 0 -0.103812938359454
9.22834645669291 0 -0.103028997276731
9.30551181102362 0 -0.102256172140979
9.38267716535433 0 -0.101494243384985
9.45984251968504 0 -0.100742996682137
9.53700787401575 0 -0.100002222813077
9.61417322834646 0 -0.0992717175351396
9.69133858267717 0 -0.0985512814546222
9.76850393700787 0 -0.0978407199018822
9.84566929133858 0 -0.0971398428092855
9.92283464566929 0 -0.0964484645919939
10 0 -0.0957664040315841