0.0 1.0
0.1256637061435917 0.9635395118148883
0.2513274122871835 0.881440216757782
0.3769911184307752 0.786303401968432
0.5026548245743669 0.6944224399121408
0.6283185307179586 0.6115509748307679
0.7539822368615503 0.5388650234421265
0.8796459430051421 0.47583888938335966
1.0053096491487339 0.42141681996851627
1.1309733552923256 0.37445929400187195
1.2566370614359172 0.3339021449654518
1.382300767579509 0.2988046619933111
1.5079644737231006 0.2683555180066999
1.6336281798666925 0.24186340214784466
1.7592918860102842 0.21874291923253564
1.8849555921538756 0.19849990945883061
2.0106192982974678 0.18071777962447372
2.1362830044410597 0.16504538074546773
2.261946710584651 0.1511865299470215
2.3876104167282426 0.13889108884856508
2.5132741228718345 0.12794743997235603
2.6389378290154264 0.11817618132602714
2.764601535159018 0.1094248643892263
2.8902652413026093 0.10156361381666218
3.015928947446201 0.09448148617359424
3.141592653589793 0.08808344489901747
3.267256359733385 0.0822878463354642
3.3929200658769765 0.0770243491498021
3.5185837720205684 0.07223217337843343
3.6442474781641603 0.06785864870269304
3.7699111843077513 0.0638580012898331
3.895574890451343 0.06019033801965028
4.0212385965949355 0.05682079419425384
4.1469023027385274 0.05371881630140239
4.272566008882119 0.05085755746408053
4.39822971502571 0.04821336613748331
4.523893421169302 0.045765352792231845
4.649557127312894 0.04349502167909652
4.775220833456485 0.041385957064311016
4.900884539600077 0.039423555158355765
5.026548245743669 0.03759479464348443
5.15221195188726 0.035888039461974976
5.277875658030853 0.03429286927478454
5.403539364174444 0.03279993299415233
5.529203070318036 0.03140082215821047
5.654866776461628 0.030087961159348454
5.780530482605219 0.02885451178245212
5.906194188748811 0.02769429006982121
6.031857894892402 0.02660169380404594
6.157521601035994 0.02557163897094478
6.283185307179586 0.02459950408025968
6.408849013323178 0.023681081275215066
6.53451271946677 0.02281253324945475
6.660176425610362 0.021990355267534362
6.785840131753953 0.021211341545550592
6.911503837897545 0.020472555560647185
7.037167544041137 0.01977130363555031
7.162831250184728 0.019105111492412126
7.288494956328321 0.018471703387888967
7.414158662471912 0.017868983473903102
7.539822368615503 0.01729501917283233
7.665486074759095 0.016748026291979166
7.791149780902686 0.01622635567613469
7.916813487046279 0.015728481243091726
8.042477193189871 0.015252989212160303
8.168140899333462 0.014798568418373521
8.293804605477055 0.01436400155650081
8.419468311620646 0.013948157321278435
8.545132017764239 0.01354998325269083
8.67079572390783 0.013168499297303262
8.79645943005142 0.0128027919339036
8.922123136195014 0.012452008877959523
9.047786842338605 0.012115354258855243
9.173450548482196 0.011792084201684894
9.299114254625788 0.011481502867283144
9.42477796076938 0.011182958763421794
9.55044166691297 0.010895841441043733
9.676105373056563 0.010619578439176307
9.801769079200154 0.010353632497639981
9.927432785343747 0.01009749901044722
10.053096491487338 0.009850703680223257
10.178760197630929 0.009612800378729204
10.30442390377452 0.009383369167740614
10.430087609918115 0.009162014484950909
10.555751316061706 0.008948363474181443
10.681415022205297 0.008742064450232246
10.807078728348888 0.008542785478167404
10.932742434492479 0.008350213051265947
11.058406140636071 0.008164050910339156
11.184069846779664 0.007984018887883944
11.309733552923255 0.0078098519046176556
11.435397259066846 0.007641298988948439
11.561060965210437 0.007478122396251508
11.68672467135403 0.007320096792939925
11.812388377497623 0.007167008473888668
11.938052083641214 0.007018654663702154
12.063715789784805 0.006874842851458113
12.189379495928398 0.0067353901773677515
12.315043202071989 0.0066001228582874254
12.440706908215581 0.006468875657884164
