0.2 0.0 -1.43394976351
0.277165354331 0.0 -1.33036950262
0.354330708661 0.0 -1.23849358625
0.431496062992 0.0 -1.15665390832
0.508661417323 0.0 -1.08345946963
0.585826771654 0.0 -1.01774483774
0.662992125984 0.0 -0.958529083389
0.740157480315 0.0 -0.904982903239
0.817322834646 0.0 -0.856402170783
0.894488188976 0.0 -0.812186559602
0.971653543307 0.0 -0.771822187795
1.04881889764 0.0 -0.734867465003
1.12598425197 0.0 -0.700941501538
1.2031496063 0.0 -0.669714576151
1.28031496063 0.0 -0.640900265003
1.35748031496 0.0 -0.614248916673
1.43464566929 0.0 -0.589542222267
1.51181102362 0.0 -0.566588679979
1.58897637795 0.0 -0.545219793038
1.66614173228 0.0 -0.525286871218
1.74330708661 0.0 -0.506658330881
1.82047244094 0.0 -0.489217408289
1.89763779528 0.0 -0.472860216636
1.97480314961 0.0 -0.457494089982
2.05196850394 0.0 -0.443036167393
2.12913385827 0.0 -0.429412178865
2.2062992126 0.0 -0.416555401281
2.28346456693 0.0 -0.404405758063
2.36062992126 0.0 -0.392909040631
2.43779527559 0.0 -0.382016233419
2.51496062992 0.0 -0.371682927156
2.59212598425 0.0 -0.361868807605
2.66929133858 0.0 -0.352537208971
2.74645669291 0.0 -0.343654722874
2.82362204724 0.0 -0.33519085519
2.90078740157 0.0 -0.327117724233
2.97795275591 0.0 -0.319409794705
3.05511811024 0.0 -0.312043642703
3.13228346457 0.0 -0.304997747707
3.2094488189 0.0 -0.298252308107
3.28661417323 0.0 -0.291789077262
3.36377952756 0.0 -0.285591217555
3.44094488189 0.0 -0.279643170205
3.51811023622 0.0 -0.273930538949
3.59527559055 0.0 -0.268439985915
3.67244094488 0.0 -0.263159138265
3.74960629921 0.0 -0.258076504343
3.82677165354 0.0 -0.253181398251
3.90393700787 0.0 -0.248463871888
3.9811023622 0.0 -0.243914653622
4.05826771654 0.0 -0.239525092874
4.13543307087 0.0 -0.235287109961
4.2125984252 0.0 -0.231193150631
4.28976377953 0.0 -0.227236144814
4.36692913386 0.0 -0.223409469119
4.44409448819 0.0 -0.21970691272
4.52125984252 0.0 -0.21612264626
4.59842519685 0.0 -0.212651193491
4.67559055118 0.0 -0.209287405362
4.75275590551 0.0 -0.206026436326
4.82992125984 0.0 -0.202863722644
4.90708661417 0.0 -0.199794962498
4.9842519685 0.0 -0.196816097741
5.06141732283 0.0 -0.19392329713
