0 0.500000000000000
0.158730158730159 0.459574893214418
0.317460317460317 0.424448401834054
0.476190476190476 0.393790383749834
0.634920634920635 0.366921540109343
0.793650793650794 0.343283051687789
0.952380952380952 0.322412862435085
1.11111111111111 0.303927052817330
1.26984126984127 0.287505132205709
1.42857142857143 0.272878365315075
1.58730158730159 0.259820460061965
1.74603174603175 0.248140102905568
1.90476190476190 0.237674946955743
2.06349206349206 0.228286748167910
2.22222222222222 0.219857413289302
2.38095238095238 0.212285775361818
2.53968253968254 0.205484952562073
2.69841269841270 0.199380176956685
2.85714285714286 0.193907003591321
3.01587301587302 0.189009828874734
3.17460317460317 0.184640661709434
3.33333333333333 0.180758102198308
3.49206349206349 0.177326491733302
3.65079365079365 0.174315205390431
3.80952380952381 0.171698063229726
3.96825396825397 0.169452841648366
4.12698412698413 0.167560869606765
4.28571428571429 0.166006697532897
4.44444444444445 0.164777829160029
4.60317460317460 0.163864508583743
4.76190476190476 0.163259556540057
4.92063492063492 0.162958251361759
5.07936507936508 0.162958251361759
5.23809523809524 0.163259556540057
5.39682539682540 0.163864508583743
5.55555555555556 0.164777829160029
5.71428571428571 0.166006697532897
5.87301587301587 0.167560869606765
6.03174603174603 0.169452841648366
6.19047619047619 0.171698063229726
6.34920634920635 0.174315205390431
6.50793650793651 0.177326491733302
6.66666666666667 0.180758102198308
6.82539682539683 0.184640661709434
6.98412698412698 0.189009828874734
7.14285714285714 0.193907003591321
7.30158730158730 0.199380176956685
7.46031746031746 0.205484952562073
7.61904761904762 0.212285775361818
7.77777777777778 0.219857413289302
7.93650793650794 0.228286748167910
8.09523809523810 0.237674946955743
8.25396825396826 0.248140102905568
8.41269841269841 0.259820460061965
8.57142857142857 0.272878365315075
8.73015873015873 0.287505132205709
8.88888888888889 0.303927052817330
9.04761904761905 0.322412862435085
9.20634920634921 0.343283051687789
9.36507936507937 0.366921540109343
9.52380952380952 0.393790383749834
9.68253968253968 0.424448401834054
9.84126984126984 0.459574893214418
10 0.500000000000000
