2.094395102393195249e-02 0.00000000000000000000000000 -3.779612729489437856e-02
6.283185307179586787e-02 0.00000000000000000000000000 -1.082605609778538869e-01
1.047197551196597659e-01 0.00000000000000000000000000 -1.682640772531184270e-01
1.466076571675236917e-01 0.00000000000000000000000000 -2.192399312221070262e-01
1.884955592153875759e-01 0.00000000000000000000000000 -2.629677290773754783e-01
2.303834612632514600e-01 0.00000000000000000000000000 -2.988818883116404757e-01
2.722713633111153997e-01 0.00000000000000000000000000 -3.270056563537195315e-01
3.141592653589793116e-01 0.00000000000000000000000000 -3.496448118364280933e-01
3.560471674068432235e-01 0.00000000000000000000000000 -3.692563741589390824e-01
3.979350694547070799e-01 0.00000000000000000000000000 -3.863310894593969258e-01
4.398229715025710473e-01 0.00000000000000000000000000 -4.002878317881391479e-01
4.817108735504349037e-01 0.00000000000000000000000000 -4.113309802757899036e-01
5.235987755982989267e-01 0.00000000000000000000000000 -4.203575994354827872e-01
5.654866776461627831e-01 0.00000000000000000000000000 -4.278040723442180226e-01
6.073745796940266395e-01 0.00000000000000000000000000 -4.337027629524624062e-01
6.492624817418906069e-01 0.00000000000000000000000000 -4.383742789663513384e-01
6.911503837897544633e-01 0.00000000000000000000000000 -4.421652292512284754e-01
7.330382858376183197e-01 0.00000000000000000000000000 -4.449433664663987043e-01
7.749261878854822871e-01 0.00000000000000000000000000 -4.465318431684042744e-01
8.168140899333461435e-01 0.00000000000000000000000000 -4.472269584729996472e-01
8.587019919812099999e-01 0.00000000000000000000000000 -4.473433549964727640e-01
9.005898940290739674e-01 0.00000000000000000000000000 -4.468046168858677003e-01
9.424777960769379348e-01 0.00000000000000000000000000 -4.456717560349610086e-01
9.843656981248019022e-01 0.00000000000000000000000000 -4.444390677361425568e-01
1.026253600172665648e+00 0.00000000000000000000000000 -4.430962346058268109e-01
1.068141502220529615e+00 0.00000000000000000000000000 -4.413036788477207040e-01
1.110029404268393582e+00 0.00000000000000000000000000 -4.381710564678281683e-01
1.151917306316257550e+00 0.00000000000000000000000000 -4.354573666413390498e-01
1.193805208364121295e+00 0.00000000000000000000000000 -4.328901965090254933e-01
1.235693110411985263e+00 0.00000000000000000000000000 -4.298069566479786885e-01
1.277581012459849230e+00 0.00000000000000000000000000 -4.263421714700201259e-01
1.319468914507713198e+00 0.00000000000000000000000000 -4.228472022075638326e-01
1.361356816555576943e+00 0.00000000000000000000000000 -4.194095849249426244e-01
1.403244718603440910e+00 0.00000000000000000000000000 -4.159245491008570217e-01
1.445132620651304878e+00 0.00000000000000000000000000 -4.123003780135628404e-01
1.487020522699168845e+00 0.00000000000000000000000000 -4.085360568011057736e-01
1.528908424747032591e+00 0.00000000000000000000000000 -4.046866866344017155e-01
1.570796326794896558e+00 0.00000000000000000000000000 -4.008073603113860850e-01
1.612684228842760525e+00 0.00000000000000000000000000 -3.969249047038547196e-01
1.654572130890624493e+00 0.00000000000000000000000000 -3.930394574301620536e-01
1.696460032938488238e+00 0.00000000000000000000000000 -3.891393393056872818e-01
1.738347934986352428e+00 0.00000000000000000000000000 -3.852149589410788777e-01
1.780235837034216173e+00 0.00000000000000000000000000 -3.812657841502050116e-01
1.822123739082079918e+00 0.00000000000000000000000000 -3.773006883051217564e-01
1.864011641129944108e+00 0.00000000000000000000000000 -3.733345339711898192e-01
1.905899543177807853e+00 0.00000000000000000000000000 -3.693838333950404396e-01
1.947787445225671599e+00 0.00000000000000000000000000 -3.654632595865071609e-01
1.989675347273535788e+00 0.00000000000000000000000000 -3.615836727132247241e-01
2.031563249321399311e+00 0.00000000000000000000000000 -3.577515811596704842e-01
2.073451151369263723e+00 0.00000000000000000000000000 -3.539696119902670524e-01
2.115339053417127246e+00 0.00000000000000000000000000 -3.502375067538223696e-01
2.157226955464991214e+00 0.00000000000000000000000000 -3.465532498353526836e-01
2.199114857512855181e+00 0.00000000000000000000000000 -3.429140760296855994e-01
2.241002759560719149e+00 0.00000000000000000000000000 -3.393172333425048537e-01
2.282890661608582672e+00 0.00000000000000000000000000 -3.357604721125431735e-01
2.324778563656447083e+00 0.00000000000000000000000000 -3.322422891870228101e-01
2.366666465704310607e+00 0.00000000000000000000000000 -3.287619828086878471e-01
2.408554367752175018e+00 0.00000000000000000000000000 -3.253195797309025861e-01
2.450442269800038542e+00 0.00000000000000000000000000 -3.219156897457621791e-01
2.492330171847902509e+00 0.00000000000000000000000000 -3.185513309883332700e-01
2.534218073895766477e+00 0.00000000000000000000000000 -3.152277564341726679e-01
2.576105975943630444e+00 0.00000000000000000000000000 -3.119463003719721850e-01
2.617993877991493967e+00 0.00000000000000000000000000 -3.087082543739260720e-01
2.659881780039358379e+00 0.00000000000000000000000000 -3.055147756098005596e-01
2.701769682087221902e+00 0.00000000000000000000000000 -3.023668259978364303e-01
2.743657584135086314e+00 0.00000000000000000000000000 -2.992651382000002247e-01
2.785545486182949837e+00 0.00000000000000000000000000 -2.962102033573390525e-01
2.827433388230813804e+00 0.00000000000000000000000000 -2.932022752783816633e-01
2.869321290278677772e+00 0.00000000000000000000000000 -2.902413861809043927e-01
2.911209192326541739e+00 0.00000000000000000000000000 -2.873273697756025258e-01
2.953097094374405263e+00 0.00000000000000000000000000 -2.844598882832245490e-01
2.994984996422269674e+00 0.00000000000000000000000000 -2.816384607747342561e-01
3.036872898470133197e+00 0.00000000000000000000000000 -2.788624909473224611e-01
3.078760800517997609e+00 0.00000000000000000000000000 -2.761312930642665364e-01
3.120648702565861132e+00 0.00000000000000000000000000 -2.734441152836339373e-01
3.162536604613725100e+00 0.00000000000000000000000000 -2.708001599838629758e-01
3.204424506661589067e+00 0.00000000000000000000000000 -2.681986009763268619e-01
3.246312408709453035e+00 0.00000000000000000000000000 -2.656385976914810709e-01
3.288200310757316558e+00 0.00000000000000000000000000 -2.631193065530259556e-01
3.330088212805180969e+00 0.00000000000000000000000000 -2.606398898291856780e-01
3.371976114853044493e+00 0.00000000000000000000000000 -2.581995222850765326e-01
3.413864016900908460e+00 0.00000000000000000000000000 -2.557973959668505826e-01
3.455751918948771984e+00 0.00000000000000000000000000 -2.534327234359642356e-01
3.497639820996636395e+00 0.00000000000000000000000000 -2.511047397474003295e-01
3.539527723044500362e+00 0.00000000000000000000000000 -2.488127034346683253e-01
3.581415625092364330e+00 0.00000000000000000000000000 -2.465558967303448923e-01
3.623303527140227853e+00 0.00000000000000000000000000 -2.443336252170105471e-01
3.665191429188091821e+00 0.00000000000000000000000000 -2.421452170707943108e-01
3.707079331235956232e+00 0.00000000000000000000000000 -2.399900220300498765e-01
3.748967233283819755e+00 0.00000000000000000000000000 -2.378674101951384068e-01
3.790855135331683723e+00 0.00000000000000000000000000 -2.357767707421180858e-01
3.832743037379547690e+00 0.00000000000000000000000000 -2.337175106136195335e-01
3.874630939427411214e+00 0.00000000000000000000000000 -2.316890532335786068e-01
3.916518841475275625e+00 0.00000000000000000000000000 -2.296908372790757991e-01
3.958406743523139593e+00 0.00000000000000000000000000 -2.277223155316170367e-01
4.000294645571003116e+00 0.00000000000000000000000000 -2.257829538214808363e-01
4.042182547618867083e+00 0.00000000000000000000000000 -2.238722300721810166e-01
4.084070449666731051e+00 0.00000000000000000000000000 -2.219896334468776378e-01
4.125958351714595018e+00 0.00000000000000000000000000 -2.201346635948972785e-01
4.167846253762458986e+00 0.00000000000000000000000000 -2.183068299938374368e-01
4.209734155810322953e+00 0.00000000000000000000000000 -2.165056513809663075e-01
4.251622057858186920e+00 0.00000000000000000000000000 -2.147306552664475787e-01
4.293509959906050000e+00 0.00000000000000000000000000 -2.129813775204723036e-01
4.335397861953913967e+00 0.00000000000000000000000000 -2.112573620260751184e-01
4.377285764001778823e+00 0.00000000000000000000000000 -2.095581603896051193e-01
4.419173666049642790e+00 0.00000000000000000000000000 -2.078833317011472837e-01
4.461061568097505869e+00 0.00000000000000000000000000 -2.062324423375937743e-01
4.502949470145369837e+00 0.00000000000000000000000000 -2.046050658017446733e-01
4.544837372193233804e+00 0.00000000000000000000000000 -2.030007825913006658e-01
4.586725274241098660e+00 0.00000000000000000000000000 -2.014191800923119946e-01
4.628613176288961739e+00 0.00000000000000000000000000 -1.998598524922569619e-01
4.670501078336825707e+00 0.00000000000000000000000000 -1.983224007084652130e-01
4.712388980384689674e+00 0.00000000000000000000000000 -1.968064323282713024e-01
4.754276882432553641e+00 0.00000000000000000000000000 -1.953115615577021846e-01
4.796164784480416721e+00 0.00000000000000000000000000 -1.938374091760455553e-01
4.838052686528281576e+00 0.00000000000000000000000000 -1.923836024940611400e-01
4.879940588576145544e+00 0.00000000000000000000000000 -1.909497753140051990e-01
4.921828490624009511e+00 0.00000000000000000000000000 -1.895355678899280361e-01
4.963716392671872590e+00 0.00000000000000000000000000 -1.881406268871042287e-01
5.005604294719736558e+00 0.00000000000000000000000000 -1.867646053396227190e-01
5.047492196767601413e+00 0.00000000000000000000000000 -1.854071626054467903e-01
5.089380098815465381e+00 0.00000000000000000000000000 -1.840679643184468528e-01
5.131268000863328460e+00 0.00000000000000000000000000 -1.827466823370264004e-01
5.173155902911192427e+00 0.00000000000000000000000000 -1.814429946891821244e-01
5.215043804959056395e+00 0.00000000000000000000000000 -1.801565855138734518e-01
5.256931707006921251e+00 0.00000000000000000000000000 -1.788871449987128603e-01
5.298819609054784330e+00 0.00000000000000000000000000 -1.776343693140702840e-01
5.340707511102648297e+00 0.00000000000000000000000000 -1.763979605436906684e-01