0.0209439510239 0.0 -1.57824937134
0.0628318530718 0.0 -1.16903582235
0.10471975512 0.0 -0.944196844022
0.146607657168 0.0 -0.806651208872
0.188495559215 0.0 -0.717397890803
0.230383461263 0.0 -0.657255175819
0.272271363311 0.0 -0.615564026595
0.314159265359 0.0 -0.585878718883
0.356047167407 0.0 -0.564290906814
0.397935069455 0.0 -0.548440489845
0.439822971503 0.0 -0.536303868733
0.48171087355 0.0 -0.52665808201
0.523598775598 0.0 -0.519053562332
0.565486677646 0.0 -0.512604942792
0.607374579694 0.0 -0.507134245941
0.649262481742 0.0 -0.502313402057
0.69115038379 0.0 -0.497717332481
0.733038285838 0.0 -0.493436249788
0.774926187885 0.0 -0.489243806909
0.816814089933 0.0 -0.485211098108
0.858701991981 0.0 -0.481126780069
0.900589894029 0.0 -0.477133444965
0.942477796077 0.0 -0.473053018832
0.984365698125 0.0 -0.468887552517
1.02625360017 0.0 -0.464777488706
1.06814150222 0.0 -0.460501456999
1.11002940427 0.0 -0.456194864372
1.15191730632 0.0 -0.451846311853
1.19380520836 0.0 -0.447513787124
1.23569311041 0.0 -0.443153299472
1.27758101246 0.0 -0.438709776713
1.31946891451 0.0 -0.434206838033
1.36135681656 0.0 -0.42970250817
1.4032447186 0.0 -0.42522874491
1.44513262065 0.0 -0.420782300261
1.4870205227 0.0 -0.416346554337
1.52890842475 0.0 -0.411910935216
1.57079632679 0.0 -0.407476437196
1.61268422884 0.0 -0.403051768788
1.65457213089 0.0 -0.398647516361
1.69646003294 0.0 -0.394272383313
1.73834793499 0.0 -0.389932110531
1.78023583703 0.0 -0.385630065964
1.82212373908 0.0 -0.381368341174
1.86401164113 0.0 -0.377148646386
1.90589954318 0.0 -0.372972773522
1.94778744523 0.0 -0.368842685721
1.98967534727 0.0 -0.364760393727
2.03156324932 0.0 -0.36072776824
2.07345115137 0.0 -0.356746382904
2.11533905342 0.0 -0.352817427582
2.15722695546 0.0 -0.34894169327
2.19911485751 0.0 -0.345119610483
2.24100275956 0.0 -0.341351317598
2.28289066161 0.0 -0.337636738409
2.32477856366 0.0 -0.333975654324
2.3666664657 0.0 -0.330367763059
2.40855436775 0.0 -0.326812720948
2.4504422698 0.0 -0.32331016949
2.49233017185 0.0 -0.319859748765
2.5342180739 0.0 -0.316461101099
2.57610597594 0.0 -0.31311386832
2.61799387799 0.0 -0.309817685502
2.65988178004 0.0 -0.306572173414
2.70176968209 0.0 -0.303376931218
2.74365758414 0.0 -0.300231530392
2.78554548618 0.0 -0.297135510341
2.82743338823 0.0 -0.294088375856
2.86932129028 0.0 -0.291089596302
2.91120919233 0.0 -0.288138606331
2.95309709437 0.0 -0.285234807799
2.99498499642 0.0 -0.282377572592
3.03687289847 0.0 -0.279566246063
3.07876080052 0.0 -0.27680015081
3.12064870257 0.0 -0.274078590594
3.16253660461 0.0 -0.271400854225
3.20442450666 0.0 -0.26876621928
3.24631240871 0.0 -0.266173955584
3.28820031076 0.0 -0.263623328381
3.33008821281 0.0 -0.261113601187
3.37197611485 0.0 -0.258644038291
3.4138640169 0.0 -0.256213906933
3.45575191895 0.0 -0.253822479164
3.497639821 0.0 -0.251469033413
3.53952772304 0.0 -0.249152855789
3.58141562509 0.0 -0.24687324114
3.62330352714 0.0 -0.244629493915
3.66519142919 0.0 -0.24242092883
3.70707933124 0.0 -0.240246871391
3.74896723328 0.0 -0.238106658273
3.79085513533 0.0 -0.2359996376
3.83274303738 0.0 -0.233925169121
3.87463093943 0.0 -0.231882624314
3.91651884148 0.0 -0.22987138643
3.95840674352 0.0 -0.227890850481
4.00029464557 0.0 -0.22594042319
4.04218254762 0.0 -0.224019522907
4.08407044967 0.0 -0.222127579503
4.12595835171 0.0 -0.220264034239
4.16784625376 0.0 -0.218428339619
4.20973415581 0.0 -0.216619959243
4.25162205786 0.0 -0.214838367635
4.29350995991 0.0 -0.213083050074
4.33539786195 0.0 -0.211353502426
4.377285764 0.0 -0.209649230957
4.41917366605 0.0 -0.207969752163
4.4610615681 0.0 -0.206314592583
4.50294947015 0.0 -0.204683288628
4.54483737219 0.0 -0.203075386392
4.58672527424 0.0 -0.201490441481
4.62861317629 0.0 -0.199928018835
4.67050107834 0.0 -0.198387692548
4.71238898038 0.0 -0.196869045698
4.75427688243 0.0 -0.195371670172
4.79616478448 0.0 -0.193895166498
4.83805268653 0.0 -0.192439143671
4.87994058858 0.0 -0.191003218989
4.92182849062 0.0 -0.189587017889
4.96371639267 0.0 -0.188190173779
5.00560429472 0.0 -0.18681232788
5.04749219677 0.0 -0.185453129065
5.08938009882 0.0 -0.184112233701
5.13126800086 0.0 -0.182789305495
5.17315590291 0.0 -0.18148401534
5.21504380496 0.0 -0.180196041162
5.25693170701 0.0 -0.178925067773
5.29881960905 0.0 -0.177670786724
5.3407075111 0.0 -0.176432896157
