0.0314159265359 -0.42376463799 -1.80415305956
0.0942477796077 -0.726511319496 -2.97876069315
0.157079632679 -0.620031750915 -2.99364568503
0.219911485751 -0.47645145035 -2.70330419613
0.282743338823 -0.37093710442 -2.39039719393
0.345575191895 -0.297373120956 -2.1191889542
0.408407044967 -0.244756366767 -1.89485376554
0.471238898038 -0.205726506923 -1.71002616518
0.53407075111 -0.175801022114 -1.55642963782
0.596902604182 -0.152216522344 -1.42726117408
0.659734457254 -0.133208485994 -1.31732362678
0.722566310326 -0.117606747342 -1.22270794807
0.785398163397 -0.104607548942 -1.14046246014
0.848230016469 -0.0936412442359 -1.0683338255
0.911061869541 -0.0842928095194 -1.00457891542
0.973893722613 -0.0762524635767 -0.947830943952
1.03672557568 -0.0692840351485 -0.897004236278
1.09955742876 -0.0632041228528 -0.85122592583
1.16238928183 -0.0578680061989 -0.809786391865
1.2252211349 -0.0531598902731 -0.772102829578
1.28805298797 -0.0489859998332 -0.737692121555
1.35088484104 -0.0452695895684 -0.706150377767
1.41371669412 -0.041947270628 -0.677137317202
1.47654854719 -0.0389662596583 -0.650364208843
1.53938040026 -0.036282286674 -0.625584461037
1.60221225333 -0.0338579817901 -0.602586204278
1.6650441064 -0.0316616156964 -0.581186390797
1.72787595947 -0.0296661053646 -0.561226060243
1.79070781255 -0.027848221336 -0.542566510468
1.85353966562 -0.0261879501077 -0.52508617726
1.91637151869 -0.0246679771812 -0.50867807405
1.97920337176 -0.0232732649279 -0.493247677472
2.04203522483 -0.0219907056363 -0.478711170552
2.10486707791 -0.0208088346599 -0.464993974747
2.16769893098 -0.0197175919658 -0.45202951682
2.23053078405 -0.0187081229248 -0.439758187812
2.29336263712 -0.0177726111122 -0.428126460055
2.35619449019 -0.0169041373688 -0.417086134906
2.41902634326 -0.0160965605174 -0.406593699179
2.48185819634 -0.0153444160224 -0.396609772383
2.54469004941 -0.0146428295848 -0.387098630163
2.60752190248 -0.0139874432211 -0.378027791999
2.67035375555 -0.0133743518162 -0.369367663258
2.73318560862 -0.0128000485012 -0.361091223464
2.79601746169 -0.012261377488 -0.353173753961
2.85884931477 -0.0117554932286 -0.345592599298
2.92168116784 -0.0112798249563 -0.338326957584
2.98451302091 -0.0108320458181 -0.331357695784
3.04734487398 -0.0104100459383 -0.324667186587
3.11017672705 -0.0100119088547 -0.318239163959
3.17300858013 -0.00963589085806 -0.312058594941
3.2358404332 -0.00928040283643 -0.306111565609
3.29867228627 -0.00894399428582 -0.300385179408
3.36150413934 -0.00862533919919 -0.294867466321
3.42433599241 -0.00832322358813 -0.289547301562
3.48716784548 -0.00803653442638 -0.284414332647
3.54999969856 -0.0077642498345 -0.279458913855
3.61283155163 -0.00750543035044 -0.274672047222
3.6756634047 -0.00725921115172 -0.270045329333
3.73849525777 -0.00702479511353 -0.265570903242
3.80132711084 -0.00680144660222 -0.261241414975
3.86415896392 -0.00658848591766 -0.2570499741
3.92699081699 -0.00638528430796 -0.252990117935
3.98982267006 -0.00619125949118 -0.249055779009
4.05265452313 -0.00600587162612 -0.245241255441
4.1154863762 -0.00582861968198 -0.241541183931
4.17831822927 -0.00565903816241 -0.2379505151
4.24115008235 -0.00549669414562 -0.234464490946
4.30398193542 -0.00534118460616 -0.231078624217
4.36681378849 -0.0051921339883 -0.227788679492
4.42964564156 -0.0050491920047 -0.224590655834
4.49247749463 -0.00491203163681 -0.221480770839
4.55530934771 -0.00478034731639 -0.218455445981
4.61814120078 -0.00465385326961 -0.2155112931
4.68097305385 -0.00453228200734 -0.212645101962
4.74380490692 -0.00441538294775 -0.209853828769
4.80663675999 -0.0043029211572 -0.207134585547
4.86946861306 -0.00419467619893 -0.204484630338
4.93230046614 -0.00409044107881 -0.201901358114
4.99513231921 -0.00399002127876 -0.199382292366
5.05796417228 -0.00389323387012 -0.196925077296
5.12079602535 -0.00379990669912 -0.194527470582
5.18362787842 -0.00370987763812 -0.192187336639
5.24645973149 -0.00362299389649 -0.189902640367
5.30929158457 -0.00353911138586 -0.187671441326
5.37212343764 -0.00345809413503 -0.185491888313
5.43495529071 -0.00337981374982 -0.183362214302
5.49778714378 -0.00330414891439 -0.181280731731
5.56061899685 -0.00323098493024 -0.179245828094
5.62345084993 -0.00316021328966 -0.177255961826
5.686282703 -0.00309173128073 -0.175309658456
5.74911455607 -0.00302544162145 -0.173405507003
5.81194640914 -0.00296125212023 -0.171542156608
5.87477826221 -0.0028990753609 -0.169718313371
5.93761011528 -0.00283882841023 -0.167932737386
6.00044196836 -0.00278043254576 -0.166184239964
6.06327382143 -0.00272381300297 -0.16447168102
6.1261056745 -0.00266889873973 -0.162793966621
6.18893752757 -0.00261562221697 -0.161150046677
6.25176938064 -0.00256391919401 -0.159538912774
6.31460123372 -0.0025137285381 -0.157959596131
6.37743308679 -0.00246499204618 -0.156411165673
6.44026493986 -0.00241765427849 -0.154892726224
6.50309679293 -0.00237166240348 -0.153403416794
6.565928646 -0.00232696605217 -0.151942408961
6.62876049907 -0.00228351718208 -0.15050890536
6.69159235215 -0.00224126995018 -0.149102138231
6.75442420522 -0.00220018059324 -0.147721368072
6.81725605829 -0.00216020731615 -0.146365882346
6.88008791136 -0.00212131018688 -0.145034994268
6.94291976443 -0.00208345103805 -0.143728041655
7.00575161751 -0.00204659337447 -0.142444385833
7.06858347058 -0.0020107022862 -0.141183410608
7.13141532365 -0.00197574436688 -0.139944521289
7.19424717672 -0.00194168763692 -0.138727143753
7.25707902979 -0.00190850147119 -0.137530723572
7.31991088286 -0.00187615653094 -0.136354725172
7.38274273594 -0.0018446246997 -0.135198631045
7.44557458901 -0.00181387902277 -0.134061940989
7.50840644208 -0.00178389365034 -0.132944171395
7.57123829515 -0.00175464378364 -0.131844854568
7.63407014822 -0.00172610562426 -0.130763538074
7.69690200129 -0.00169825632617 -0.129699784126
7.75973385437 -0.0016710739505 -0.128653168996
7.82256570744 -0.0016445374228 -0.127623282459
7.88539756051 -0.00161862649247 -0.126609727256
7.94822941358 -0.00159332169462 -0.12561211859
8.01106126665 -0.00156860431382 -0.124630083637
